1.390185479780855005e+01
3.033448550031815572e+00
2.752286567016787977e+00
2.656001582022864849e+00
2.593305208061171374e+00
2.539740282361730994e+00
2.489078261615607968e+00
2.439408137224943651e+00
2.390089215026078406e+00
2.340904016676573107e+00
2.291789582483166221e+00
2.242744965600917073e+00
2.193797333728852994e+00
2.144988604485112749e+00
2.096369477225719535e+00
2.047996165041164218e+00
1.999928135915148175e+00
1.952226276004763950e+00
1.904951297351569206e+00
1.858162358771124456e+00
1.811915912627082070e+00
1.766264793810403688e+00
1.721257555994122557e+00
1.676938045352085016e+00
1.633345188631723177e+00
1.590512963047900685e+00
1.548470510562641511e+00
1.507242358394743409e+00
1.466848710181751114e+00
1.427305777002585652e+00
1.388626123398267298e+00
1.350819009712002750e+00
1.313890717861643243e+00
1.277844852656450314e+00
1.242682614788496398e+00
1.208403044640071533e+00
1.175003238132246386e+00
1.142478537135842132e+00
1.110822697637114720e+00
1.080028039056951661e+00
1.050085578008018050e+00
1.020985149458546459e+00
9.927155178477751196e-01
9.652644802354031217e-01
9.386189631135047895e-01
9.127651140943586761e-01
8.876883893285623106e-01
8.633736372114765301e-01
8.398051787026914461e-01
8.169668844084373438e-01
2.765909178387937484e-02
