9.779284769618636020e+00
4.179958911953550960e+00
3.212628089564451006e+00
2.781939232574513809e+00
2.521983696361398408e+00
2.317483164400497841e+00
2.140868130341873510e+00
1.984310588985535251e+00
1.844338086451177583e+00
1.718717435254833337e+00
1.605697625090467762e+00
1.503788222428893206e+00
1.411693541447843092e+00
1.328286516684635821e+00
1.252585864633001478e+00
1.183731285334008509e+00
1.120961515703425393e+00
1.063599520962807743e+00
1.011044783556032334e+00
9.627693681274920312e-01
9.183140418425477236e-01
8.772823295082271544e-01
8.393323255945466244e-01
8.041673595907686822e-01
7.715269910867809111e-01
7.411794933070362523e-01
7.129163281032775412e-01
6.865484872314184805e-01
6.619042068756150199e-01
6.388274911054412364e-01
6.171770013305253322e-01
5.968250494395516137e-01
5.776565842351080171e-01
5.595681544049054823e-01
5.424668735082945892e-01
5.262694221302973707e-01
5.109011162768259950e-01
4.962950599135952379e-01
4.823913885516623590e-01
4.691366018603405075e-01
4.564829767179175435e-01
4.443880476090865117e-01
4.328141385444576050e-01
4.217279295930684846e-01
4.111000417449203193e-01
4.009046262801188587e-01
3.911189491179152822e-01
3.817229664558677293e-01
3.726988946794458912e-01
3.640307839412160740e-01
