4.821756842264471743e+01 3.307031222639887602e+01 2.790175500177935675e+01
6.575381101900385161e+00 3.751990918470690417e+01 3.524602897956768288e+01
2.576299739129819955e+01 7.406384910902128027e+00 3.934435784737030417e+01
4.882546014127106559e+01 7.098758968938771119e+00 2.594235275755388059e+01
2.454345891403285762e+01 2.481729287561043762e+01 2.168889184927393643e+01
2.011524306750534663e+01 4.937426418984555454e+01 1.931649907852931847e+01
3.154393606972752906e+01 2.877576958162407550e+01 4.158202500651101730e+01
2.002792885436264925e+01 4.896048335648290362e+01 4.393689762629851714e+01
4.997339656192616530e+01 1.907052640341582972e+01 4.082185508407975760e+01
2.734302374268020941e+01 8.365849159380909228e+00 2.241983679074317237e+01
2.750953232201486287e+01 4.075735555500476437e+01 3.133151107270100511e+01
3.965797125218424668e+01 1.959233614389886569e+01 2.101479407695652668e+01
1.485694260783599674e+01 3.598536824884273244e+01 2.205139910020829319e+01
3.817838031512226848e+01 1.276220408510293680e+01 3.408875125581477050e+01
2.051446989112152863e+01 2.227323413612880998e+01 3.536240969766062392e+01
1.274806933737761838e+01 5.019083410591931482e+01 3.109505663485444416e+01
5.251739829044305452e+01 2.016666277545176200e+01 2.690561763845349930e+01
1.884367425953227126e+01 3.627222242807725650e+01 3.996175951915958535e+01
3.479474794038881669e+01 3.298106593331739589e+01 2.395062854254647533e+01
4.547036575808125747e+01 3.051636539278821658e+01 3.924370213737800839e+01
4.912621433189311659e+01 7.592617347988159793e+00 3.909362881357210995e+01
2.914296816988032290e+01 1.783245981816206438e+01 4.260691352093435569e+01
3.670969242451523940e+01 3.583930976368438337e+01 3.436765413840802097e+01
1.442002203622383938e+01 3.037445679449793801e+01 3.185191139727005805e+01
2.760915008758399125e+01 1.531570244971535999e+01 3.148653180418724773e+01
3.977616787305031920e+01 2.146144675468377372e+01 4.215199944076447025e+01
5.369646639976716784e+01 2.714956860071956513e+01 3.440954580852141476e+01
2.265567355110550807e+01 4.934613464451393838e+01 3.255670450316269182e+01
1.308198870933278712e+01 4.426698248846136607e+01 3.930263942285638734e+01
9.347591265724888743e+00 4.218698604973616284e+01 2.745608053708503604e+01
3.043626981953651978e+01 1.770550579120007129e+01 2.073659756901263762e+01
4.717034310093253424e+01 1.441871642878621174e+01 3.273814292823195160e+01
2.227039181757597675e+01 4.114509460045307065e+01 2.374771466989771795e+01
2.211120985205017320e+01 3.195296663364039347e+01 2.648762876082668427e+01
1.786596467719325432e+01 5.501023265702448839e+01 2.575335374635583108e+01
4.284159688259020982e+01 2.778004880253280007e+01 2.175672820942862629e+01
1.729828161459524694e+01 5.434525793161807883e+01 3.755071972194109264e+01
4.791391760118946763e+01 1.459513922132031638e+01 2.149372953733426783e+01
2.205267146221917329e+01 1.642451642108671805e+01 2.492978697209472827e+01
7.405902232561059506e+00 3.417598423098652205e+01 2.611727652292006141e+01
1.159156246924172784e+01 3.239914440072769963e+01 3.946918555572357690e+01
2.409572883232988261e+01 3.010867848034020966e+01 3.870169955974951392e+01
2.364502007105969739e+01 4.335059335647799372e+01 3.785978897224313755e+01
3.405646402420087782e+01 2.519301437204713778e+01 2.036785682576622492e+01
4.191701245144887622e+01 1.462630139418407893e+01 2.690467084555365318e+01
3.423177080441978148e+01 1.464583312488331757e+01 2.665429641692832519e+01
1.527622680857960091e+01 4.509743059237587914e+01 2.341867825156374749e+01
1.997095758468663007e+01 2.412634453230115028e+01 2.778337066984927617e+01
4.396331423889580492e+01 1.383915376694970867e+01 3.960220661363453587e+01
2.241011671972420771e+01 1.399124297025666230e+01 3.668294695779979264e+01
3.169295935170524814e+01 1.256971402769009671e+01 3.800627581512797093e+01
5.108888047048945680e+01 2.682092600137161398e+01 2.425185591097542215e+01
5.268590573111593756e+01 1.983286665497279699e+01 3.427113471505550990e+01
2.840516057838509312e+01 3.570417514391772329e+01 2.550488802561314827e+01
3.814795475781146195e+01 3.109752729499332347e+01 3.940594676195846091e+01
2.503856768013369916e+01 2.380879416686279626e+01 4.168432977417022300e+01
3.022251682579535625e+01 3.640497851841050903e+01 3.688307815360460040e+01
4.142124313313421879e+01 3.434917457964219523e+01 2.821898823573988224e+01
2.130047404113957654e+01 4.805923377306298505e+01 2.585954494510142965e+01
4.711974734940552878e+01 2.107267445196465872e+01 2.163486816819315806e+01
4.607710505256332567e+01 3.416266979376986512e+01 3.395961184709210556e+01
4.534103982223206231e+01 2.450520248256747280e+01 4.169349893241822258e+01
5.244120564476222057e+01 1.383219489097703203e+01 2.654668365839733113e+01
5.227799919269556028e+01 1.360307376890478182e+01 3.858432980449387628e+01
2.497541177149004099e+01 1.278645674098318885e+01 4.255072036227599597e+01
2.379642458051015197e+01 9.892626034634597332e+00 2.737782834260128340e+01
1.025992097036611561e+01 4.474967247243607460e+01 3.375734269378246921e+01
2.955039230922381321e+01 2.932496873921535041e+01 2.148874467608832006e+01
1.109881837482021005e+01 3.838103184115026778e+01 4.075600692871607578e+01
3.292941776787984054e+01 3.730433205165790866e+01 2.996148858051212827e+01
3.555383562073858172e+01 1.627463172095566435e+01 4.057905007670330377e+01
2.965115920898376345e+01 1.064048198046878468e+01 2.796161018181538083e+01
8.434489989877858918e+00 3.237832778636685305e+01 3.301495538858387135e+01
2.399093061682731332e+01 3.635507631068951184e+01 3.715182250963884059e+01
4.538799739714929871e+01 9.244761180999741867e+00 3.480563522678311017e+01
2.238778199006584657e+01 1.897273049735526484e+01 3.016494211452506846e+01
2.092185854978808379e+01 4.842466263029911744e+01 3.813271662053908528e+01
2.633468127390457170e+01 1.041325552753843908e+01 3.414314841502977060e+01
3.206713788501418350e+01 2.322177272192291042e+01 4.280791228233737655e+01
2.483285528973126333e+01 1.431876216849885708e+01 2.047538223637473820e+01
1.265247715964093800e+01 3.157985002516658213e+01 2.480402025816710321e+01
1.977570202572513125e+01 3.062518036298509116e+01 3.512802433901846655e+01
2.296131322293826571e+01 1.862020975508378839e+01 4.113493355348943226e+01
5.392153119038621867e+01 2.561288384504911164e+01 2.890572956773963753e+01
1.833809482589320083e+01 4.438170612234890910e+01 4.114029495212682974e+01
1.421530276804277726e+01 4.980509024253814232e+01 3.665573533136040396e+01
9.872846921120604691e+00 3.830058585811569571e+01 2.250531773169323202e+01
3.696136030499330616e+01 2.614158552849212569e+01 4.209418330792928487e+01
4.491626606788341292e+01 1.053037700897435514e+01 2.352852212119820763e+01
1.452118027733374817e+01 4.979010950301390892e+01 2.595608243973163809e+01
4.969702294781513530e+01 2.701162677501738685e+01 3.979053477990181165e+01
5.078679008494473379e+01 3.176628526702134181e+01 3.356978928471822599e+01
4.609748727601245122e+01 1.070108180871500281e+01 2.913328615875710881e+01
5.052843655694825031e+01 1.011268094927254602e+01 3.396810465544577795e+01
1.763999866917760428e+01 5.165902311507421985e+01 3.221983865434521022e+01
2.504328164439613147e+01 4.610054895269535535e+01 2.924254584802126189e+01
1.978386268681547477e+01 3.661111363207889013e+01 2.342858389491911097e+01
1.901166912839610390e+01 2.622545912892773146e+01 3.245791346209241368e+01
4.740761619593951082e+01 3.013636453000336601e+01 2.371546910590702240e+01
2.626696964321842387e+01 2.035574482676374330e+01 2.040417294015976424e+01
1.719292449519445398e+01 3.176046250468635890e+01 2.689876966374682254e+01
4.028028938691757332e+01 3.139356843113131035e+01 2.393978684661513867e+01
3.385832323269208644e+01 1.356825296984927220e+01 3.186386620075681719e+01
2.860984243581533804e+01 3.263321497403553906e+01 3.957543432799934635e+01
3.792983067396230723e+01 1.578425729930871668e+01 2.368035985893401829e+01
4.516610603703534110e+01 1.911750737510994824e+01 4.157000405132787080e+01
2.023549245549284947e+01 4.458676238905884759e+01 2.097983740919414686e+01
4.348180066068026406e+01 1.629321097856161416e+01 2.230404428744945022e+01
4.250618681273783750e+01 1.354318202853797715e+01 3.199605778530531452e+01
3.101662602854142037e+01 1.137041231684675502e+01 2.294736252407518506e+01
6.499658794250760430e+00 3.781620832946953925e+01 2.903463703916415994e+01
1.598055255373300909e+01 3.191431317211133489e+01 3.759847573612910310e+01
2.987604333350729391e+01 7.970626691163078092e+00 3.714728942347607443e+01
9.460670728034457966e+00 4.132463004452640831e+01 3.753332681202034138e+01
3.705640392638657232e+01 2.877771916250047823e+01 2.182599598184579293e+01
1.431791358321948238e+01 4.055903897560872906e+01 2.251303917513626018e+01
5.203052518761430179e+01 2.348240060276653196e+01 3.792952873996046037e+01
5.045620477465953968e+01 1.640229016548552465e+01 3.016886436678611716e+01
3.698891337627200926e+01 3.547994616615956431e+01 2.761546963580406100e+01
2.167640392552683437e+01 2.559572748953737431e+01 3.832549709574224295e+01
1.120745068107489395e+01 4.696787610854437389e+01 2.820943268393203596e+01
5.140331877877439126e+01 1.070050346802056396e+01 2.336337718725136625e+01
3.513414129968302291e+01 2.011179452988078609e+01 2.051483713395669994e+01
4.813306079881395760e+01 1.370429812531819991e+01 4.148965864027088912e+01
4.105469818056006659e+01 3.454874433601834482e+01 3.376334770369238925e+01
5.073519613797332539e+01 1.032838727762929310e+01 2.892789494950035589e+01
7.960769751361089774e+00 3.515815940260175410e+01 3.938957717372169043e+01
3.047472858767705617e+01 2.239296479811059726e+01 2.023939757766149938e+01
2.175071189013936390e+01 2.103400186758788948e+01 2.496853331348087579e+01
4.277250232084661974e+01 2.286746738793668854e+01 2.107494524291938376e+01
5.167691217271814708e+01 1.468000109315970469e+01 3.423802741414815642e+01
2.481491879460090288e+01 4.584896632313337506e+01 3.426714137186445441e+01
2.077782408574346107e+01 4.054077861890334589e+01 3.974868020274703895e+01
2.422537529814866986e+01 3.760986324809748282e+01 2.556959282111575149e+01
8.101922425030956276e+00 4.051648542397047947e+01 3.210375025971237051e+01
3.487718106150077801e+01 3.379490294894966951e+01 3.845148379064509925e+01
2.249984407327865199e+01 1.178658978947748004e+01 2.311791809341666237e+01
1.830493196793689847e+01 4.991845766859676559e+01 2.332950770934451157e+01
2.275640239062854420e+01 2.833220327839763542e+01 2.423016222456816138e+01
4.231047814757442183e+01 2.818195695665904665e+01 4.099967929286135160e+01
1.950088321416794201e+01 5.176772802283151975e+01 2.806102881257693582e+01
2.429042861044501223e+01 1.543473578902685084e+01 2.868998412095215400e+01
4.026635274286766730e+01 1.594359538616588523e+01 4.002540750348151732e+01
3.799424893991690766e+01 2.347662649414296254e+01 2.062935969353275922e+01
5.211535805110941055e+01 2.921870428474992565e+01 2.768326195197224848e+01
1.562858001813180664e+01 4.750489223430524532e+01 4.052521472146520409e+01
3.530894211913530967e+01 2.060617157145225775e+01 4.252562743646114995e+01
2.634707456941712422e+01 3.119863794731593032e+01 2.333065793289039647e+01
3.832921113415325465e+01 1.304775966548517907e+01 2.822218775311521455e+01
2.686510258124010164e+01 3.792909155944272470e+01 3.427339496454472112e+01
2.877685241260160254e+01 2.584231230506379973e+01 4.245765554828754063e+01
5.063099967448268757e+01 1.916391870126168229e+01 2.261762335966065507e+01
2.535093080220105932e+01 4.244731381864794884e+01 2.614274736378988351e+01
4.907031568396455157e+01 3.107852310117005601e+01 3.723249988491230766e+01
1.850388793376195196e+01 2.954761042150799355e+01 3.018743299277792147e+01
1.503276135049341988e+01 3.537681912512377380e+01 4.075217510073521510e+01
4.598326138473336755e+01 2.534848361228737446e+01 2.142608276294163971e+01
4.539813746594404620e+01 1.018121550154670096e+01 3.987458047108084713e+01
2.670881246915492468e+01 4.219944943808526006e+01 3.490186953121435920e+01
3.548171757705151208e+01 1.412787813905002565e+01 3.659588610839821854e+01
2.832681206505827731e+01 7.456819302228252511e+00 2.608013981306921636e+01
4.498359146793829666e+01 3.259240822233112311e+01 2.552283867424847585e+01
3.280333997267512558e+01 3.721386072125056188e+01 3.384996859785373147e+01
5.228773415251453827e+01 1.743416799131671269e+01 3.728695800840588959e+01
9.598744331541995578e+00 3.447167483009176436e+01 2.281010882437284693e+01
2.240764915047962447e+01 1.072098391516712468e+01 3.868572964186749630e+01
4.364400641937182712e+01 1.347001033335899933e+01 3.580366978897463071e+01
1.110118229104477194e+01 3.102527765498570744e+01 3.593507129197772798e+01
3.069393461475828389e+01 1.488322511497083767e+01 3.370078054162211600e+01
2.203380660927521717e+01 1.920665993870089494e+01 3.704001250963887770e+01
2.978887372549930035e+01 1.456886500232649873e+01 2.845060107245416958e+01
1.165854118993478927e+01 4.510529836493330436e+01 2.461261335883670398e+01
2.847512512210808922e+01 2.202255919459472011e+01 4.264384835234535842e+01
6.967199542354514108e+00 3.418570566736747907e+01 2.996510584329412197e+01
2.840794259333339511e+01 1.311698321414855428e+01 2.063699957348389802e+01
5.046318284379406549e+01 2.324739812572635955e+01 2.322048640655809493e+01
1.168410113356468472e+01 4.701607959418033289e+01 3.669572776983594053e+01
1.651663306047000290e+01 4.838915333045045486e+01 2.044267781651241478e+01
5.348395687178143731e+01 2.207719286311122175e+01 2.997335011408000227e+01
5.154439286989211411e+01 1.439114482281515706e+01 2.297115819137312087e+01
4.299669281111182784e+01 3.264913956194341438e+01 3.750288787389388290e+01
3.026723586873698935e+01 3.257864467894863481e+01 2.307019236806898022e+01
1.807558712163487158e+01 4.247204960219210790e+01 2.308916723141035732e+01
4.482826434307251873e+01 3.454836822302523558e+01 2.959182385260178449e+01
5.330479858284523687e+01 2.894067843080773983e+01 3.111452038909779105e+01
1.722331388378945505e+01 4.093057696651271726e+01 4.032629849734508554e+01
2.940972138885689091e+01 1.425462451489774196e+01 4.211983056765957656e+01
2.983900390040496120e+01 1.161460777354233720e+01 3.505509552007725915e+01
2.509008445399826570e+01 1.474658833746877562e+01 3.400756410347838710e+01
5.191346750792267528e+01 1.002402153145362718e+01 3.875327800765826680e+01
3.528009577190467638e+01 2.955372177945285728e+01 4.092229456199995496e+01
1.930658355162895035e+01 5.151559680310032974e+01 3.668034547652371202e+01
2.730937116084551164e+01 9.522500593267432478e+00 4.173764433632925375e+01
2.940454241159286397e+01 3.759989234701578198e+01 3.014932999411120562e+01
1.361260293718234493e+01 4.083180464113537766e+01 4.030404857793536877e+01
2.203138155791997832e+01 2.219306205147902489e+01 3.918329474069037133e+01
4.820053639456895667e+01 9.581866151792722164e+00 2.245691186019330843e+01
4.505995108204255217e+01 8.404396808352505133e+00 2.671024667482754111e+01
9.748352612223209590e+00 3.147393111715615532e+01 2.992292884704055211e+01
4.930038967488589208e+01 2.363601644783310007e+01 4.053277750243137234e+01
1.617916889607872477e+01 5.155478817296322802e+01 2.901856236602322525e+01
2.768792196302868192e+01 2.588352976059849553e+01 2.072151851916454035e+01
3.180518947458048018e+01 3.691792180233134957e+01 2.673055676312813489e+01
5.367551039585359973e+01 2.303162263604485105e+01 3.327474079080506897e+01
1.052450689467876721e+01 4.138159042621983019e+01 2.389040014366576159e+01
2.058048228481455055e+01 2.900255528088551671e+01 2.732938699453396225e+01
2.520328156366245054e+01 1.658145713599093796e+01 4.270330071737821243e+01
4.163152402992702861e+01 1.863650792685144353e+01 4.168869620579946655e+01
3.242901117993012150e+01 1.886148117974082439e+01 4.234335767812451223e+01
2.164577312453614866e+01 4.491139678455633799e+01 4.112453779276810906e+01
2.497748063221384029e+01 3.949560558967702661e+01 3.775724005602494060e+01
2.665866354829046969e+01 4.405843631471623212e+01 3.212177987422195713e+01
2.309041518651465097e+01 3.316164901311457669e+01 3.674940852378941969e+01
2.216459068475757022e+01 4.503887480775892982e+01 2.362397197976671848e+01
3.782981529455706493e+01 3.335789900347652548e+01 2.524006969605813566e+01
2.307851262289958783e+01 1.828431779252766987e+01 3.331114580254271829e+01
4.368092787457992188e+01 1.944008077146630242e+01 2.135374841367921661e+01
3.184287108230283536e+01 3.173210213558495241e+01 4.017834254930930626e+01
4.971776332237143237e+01 3.089193562704977580e+01 2.592421379466327380e+01
1.838108399071596466e+01 4.607775294602571137e+01 4.395071669566352313e+01
2.256809777445019449e+01 1.861334071029734716e+01 2.254334485976753655e+01
2.629674828147875587e+01 1.126507662236243235e+01 2.897808550968753849e+01
3.060476784913168302e+01 1.117032004936453049e+01 4.075004543680735480e+01
2.843686615700353215e+01 2.963734276622019337e+01 4.109224392774909518e+01
4.914333909382231980e+01 7.171337076246123488e+00 3.587317221504640941e+01
1.007842864463584931e+01 4.442255072576887898e+01 2.987813038455174919e+01
1.897934464796696119e+01 3.383717753209730716e+01 2.490484454268694492e+01
4.585409747960378013e+01 7.664958853037619591e+00 3.789397357523514387e+01
2.689633980538156521e+01 3.735113535946841523e+01 2.782787086776141194e+01
2.422418197284065045e+01 8.593742719119608964e+00 2.316142450823716814e+01
4.420873789185553449e+01 1.435018711795570567e+01 2.939455126362544490e+01
1.132527544538353226e+01 4.759392438592050212e+01 3.277096985214939195e+01
4.170980297605228770e+01 2.520457683583463648e+01 4.194731614300823708e+01
3.717406616876988323e+01 3.592014580024469694e+01 3.122347121160432337e+01
3.822688301894922347e+01 3.410494056333359936e+01 3.655445867015222206e+01
3.292034537554519602e+01 1.535265482468802745e+01 3.892321117315680112e+01
3.355770032556115723e+01 3.057504172614849836e+01 2.229510895283881666e+01
2.757358165720160770e+01 1.645254478158186018e+01 2.026676904971626669e+01
5.074051189916580995e+01 1.534654062930550111e+01 4.070149302963984184e+01
4.380118620487375836e+01 1.193034359624053309e+01 2.609872573018080288e+01
2.498472024821160531e+01 3.462583740680915412e+01 2.609964548284955299e+01
2.404597916388240719e+01 1.005172290345077890e+01 4.136546550919278076e+01
2.129104040354851435e+01 2.578677994659705774e+01 2.523345225720185425e+01
2.529902028578221973e+01 2.808498852232244758e+01 4.071656306937187253e+01
7.097145628824169883e+00 3.454464755485398086e+01 3.648684829041468447e+01
1.892960665139107590e+01 4.657906370129774132e+01 1.874557231860082851e+01
7.596208870505257060e+00 3.823456039652779737e+01 2.459170702994343216e+01
1.584703838812208687e+01 3.079552305913174592e+01 3.455137743544148776e+01
8.200020380600861358e+00 3.873003992050850286e+01 3.861062953552389843e+01
2.509835566802591345e+01 2.780510359613283811e+01 2.214092404212959764e+01
2.737206068218631927e+01 3.531892137988213420e+01 3.724145183510115231e+01
2.279440148582131798e+01 4.600819145215386641e+01 3.658366587611705256e+01
2.129190091523102524e+01 3.533474053718199315e+01 3.816631119412360107e+01
1.598189218211350848e+01 5.243576662017774481e+01 3.555712140526300402e+01
2.380023235841073159e+01 9.672838768398163367e+00 3.566851295038364356e+01
6.465262525115329950e+00 3.766792087323896254e+01 3.220874199689096429e+01
2.265537764301717161e+01 1.367068225434119100e+01 2.682926131336493114e+01
1.620040504125073255e+01 5.250353788241361030e+01 2.547931281581023910e+01
1.874427984303109440e+01 4.968783370915500086e+01 4.130353498833763126e+01
3.162561212597721649e+01 1.309616709396291512e+01 2.534045160712490841e+01
1.486596510524250370e+01 3.067689565267018281e+01 2.847321608591904862e+01
1.863314431103744795e+01 3.329322575038638377e+01 3.794012106857949362e+01
4.607473092784037760e+01 3.250531067354924630e+01 3.706812282120595370e+01
4.313003529834033856e+01 3.059458059815049680e+01 2.339774299431567073e+01
5.211907085004322937e+01 9.574069331382107251e+00 2.638744068521403108e+01
4.810295384624614456e+01 8.193815024990550810e+00 2.862339770754374513e+01
1.148961229640014992e+01 3.069011787345447573e+01 3.232135064912051092e+01
3.047835928821623241e+01 8.773806467612324411e+00 2.449531242450584756e+01
2.092933385514884392e+01 2.056953049950620738e+01 3.221168002408840891e+01
4.882635154835777769e+01 3.339385102637258740e+01 3.079439986929939366e+01
5.102655316723555501e+01 2.856618375123684217e+01 3.763819393965587778e+01
1.209747392003039579e+01 3.528965837239806547e+01 4.117580121720361319e+01
4.973130822593143563e+01 1.126700833305126537e+01 4.096959712972218881e+01
2.673557347289012398e+01 7.781358983616357250e+00 3.543036585944680894e+01
3.063453384688129333e+01 1.487665089256651640e+01 2.156011763372838175e+01
1.504962083690940666e+01 3.831281937178165009e+01 4.096951641898526475e+01
3.148001855482249312e+01 1.621522502211367822e+01 4.139608482430246994e+01
2.037470928784836843e+01 2.664264310584803042e+01 3.591603787803179415e+01
3.567716037381131855e+01 1.743223620344069147e+01 2.156233304181269972e+01
3.562198271025131646e+01 2.351585917247853530e+01 4.259203200765342956e+01
5.133984926347976341e+01 1.768820720761045351e+01 3.280847157145538517e+01
2.264289597346318317e+01 1.550744331858667557e+01 2.198265399828351008e+01
4.545278568613106529e+01 1.576082852528764633e+01 4.120149902398308939e+01
2.452232027023692496e+01 1.094322007213309433e+01 2.121451649490339619e+01
3.807564897160641237e+01 1.457100615941477528e+01 3.780403278342496520e+01
2.174847836236671128e+01 4.703136236055811281e+01 2.075100336905551757e+01
2.188688340151723111e+01 2.911552217319431790e+01 3.713800109211580747e+01
2.207000660444273876e+01 1.646076784565472195e+01 3.812581795935786744e+01
3.278494614491418702e+01 2.599367549238506570e+01 4.250194285432787211e+01
5.253620896442874511e+01 2.621600010995743801e+01 3.693999485717916542e+01
2.664610063415923946e+01 4.019428402232974662e+01 2.751198307827541356e+01
3.654329851287263153e+01 1.267372127385208103e+01 3.139441898375850570e+01
4.021286874994773086e+01 2.907947004816249148e+01 2.224894292251287808e+01
7.977365053855161037e+00 4.001374832724225428e+01 3.525601295607125962e+01
2.317811271784425742e+01 4.560034067555239545e+01 2.623834504758584885e+01
2.946905078372085285e+01 3.752355203626255076e+01 3.299163033758230057e+01
4.850191690918582310e+01 1.737014305799245051e+01 2.149514944675739514e+01
2.270801422749010712e+01 3.821082198462571000e+01 3.886409484158211569e+01
4.194268024350095914e+01 1.500784773797503036e+01 3.794863924080715378e+01
2.491839729868424769e+01 1.672934166670011535e+01 3.183311076453282240e+01
4.417980716315329204e+01 2.175604645976248008e+01 4.179477997287796853e+01
4.859091499761054678e+01 2.601013538798882152e+01 2.228425744470608905e+01
4.968968008666639236e+01 1.280670286320613727e+01 2.977982814789681143e+01
1.139428366337809351e+01 3.099338766517687205e+01 2.770534340467767009e+01
3.280675745736395044e+01 3.559525370217183138e+01 3.756881142465825008e+01
2.151133620213121844e+01 4.879312451128068062e+01 3.504175559687761421e+01
3.303737146592223439e+01 1.462629816999568888e+01 3.536494811378307901e+01
2.068522701188013002e+01 2.153973320977209127e+01 2.851113362382142213e+01
4.073953285341433883e+01 1.665762422916800034e+01 2.248323677389906550e+01
2.691946051414276297e+01 1.973345183361867683e+01 4.273019112683581966e+01
2.231875526152640532e+01 2.319094444385025966e+01 2.333515680220435939e+01
2.719311584076447730e+01 2.318425220297548606e+01 2.055208243214740449e+01
3.780669512899667239e+01 1.745125073557915840e+01 4.161686221209226488e+01
1.678488665759687137e+01 3.938936448436142257e+01 2.235838670261643557e+01
4.330610082484550105e+01 1.414733930542474738e+01 2.458955216796484322e+01
8.702384900171342252e+00 3.281511060176069350e+01 3.785174692842461042e+01
1.961464788335846521e+01 2.304902806421236505e+01 3.291076345133490122e+01
5.246511856698005261e+01 2.269529772113725130e+01 2.591857003399150727e+01
5.223541230351162312e+01 1.052305792113658356e+01 3.610475145725979473e+01
1.496334827369557274e+01 5.146013505896105755e+01 3.247161404525817829e+01
1.663300422215494834e+01 4.920794363892983370e+01 3.870857594391654999e+01
7.911456999525114497e+00 4.025064997704572534e+01 2.943994692687192583e+01
1.985111591379916618e+01 4.028423459357379244e+01 2.297352687593894416e+01
4.017501442349103513e+01 3.266800997148107655e+01 3.769389077776326502e+01
1.376225223008101928e+01 4.708587372597266096e+01 3.865464352200685028e+01
1.688809818211834113e+01 4.818296871364800893e+01 4.326252193161759152e+01
3.753548155634904049e+01 3.099532774749844677e+01 2.322275553956468030e+01
5.213946462874437060e+01 1.809049646187954963e+01 2.898736640651847196e+01
6.592103119999245919e+00 3.503679777259540629e+01 3.255454015145760849e+01
3.359493234051133470e+01 3.547486749128350425e+01 2.539955153271226962e+01
4.403800071070297406e+01 1.046258046500257244e+01 3.761442817574035047e+01
2.612897646393349760e+01 3.204142472811113862e+01 3.885136235855498654e+01
4.180801942870250798e+01 3.315174256565072142e+01 2.589901503133688720e+01
4.042133339939388748e+01 2.991429502915162075e+01 4.003097067208859272e+01
3.694970084268155119e+01 1.439447535490186070e+01 2.569622086035798247e+01
4.008075184651366385e+01 1.518206348440852338e+01 2.507798951523767528e+01
1.261463196374623941e+01 4.938070193404556818e+01 2.768680886487633330e+01
1.540046764879910235e+01 4.767159796061984878e+01 2.305079659858889940e+01
2.599667632156219099e+01 8.785535910969519691e+00 2.820039802481640123e+01
3.203095976854480398e+01 1.448194180608822457e+01 3.028363806532007274e+01
4.819652869887077884e+01 3.275868775933312094e+01 3.548762960046339998e+01
1.203546496552464262e+01 4.740725529721022724e+01 2.570321739276354478e+01
2.328127580282296094e+01 4.797176705851295253e+01 2.924574320534955518e+01
4.685383538252749247e+01 7.708527334595175695e+00 2.441074248368580157e+01
1.034936345206805264e+01 4.365886282620495251e+01 3.692865803133964420e+01
4.604299994677261054e+01 1.811527433555912125e+01 2.146801518523729513e+01
1.885537444749008529e+01 5.266651043318316283e+01 2.539989089119272592e+01
1.822171888862506961e+01 5.332150896177043364e+01 3.467025112978029711e+01
3.875428199861910628e+01 2.696751227247458260e+01 2.117985526927246198e+01
2.291245374289907843e+01 1.359329514410420003e+01 4.126253917589053799e+01
2.195346905560534978e+01 1.974414636056259909e+01 2.717093583225278408e+01
5.209549569785257006e+01 2.908466517686198216e+01 3.538112527211423952e+01
5.172491785748964332e+01 2.064881441487743530e+01 2.437479506722362999e+01
3.137337500957760739e+01 2.768603417705147507e+01 2.083249146451371558e+01
9.408105112198265729e+00 4.268692284617184640e+01 3.225462026598714971e+01
1.759346682475884904e+01 4.484278727911957674e+01 2.232610479962813699e+01
1.209690188357108198e+01 3.725286375444734688e+01 2.188451473476070674e+01
1.557543111583735573e+01 4.399621270438301224e+01 3.966787116388457690e+01
3.501897720967848926e+01 1.345781505830299984e+01 3.420017694530734786e+01
1.355808477249350474e+01 4.325569560947388226e+01 2.334176339037687598e+01
1.435654543428716323e+01 3.297021747406936498e+01 2.357536612981450475e+01
5.179429141607887033e+01 3.070736269546297592e+01 2.966973280007766078e+01
1.369125266657819928e+01 3.068584440609287256e+01 3.580911006998324808e+01
2.673002775747124815e+01 3.363994381674577738e+01 2.461848308493091864e+01
5.289084196493441681e+01 2.227343980721273553e+01 3.593753937327158354e+01
2.297596642768289144e+01 2.793464593466920576e+01 3.911623743271458409e+01
2.802327335341470516e+01 1.040896367740247186e+01 2.119959225058167007e+01
2.103023254789328433e+01 4.671552743225434767e+01 4.415530834459173803e+01
2.876079870050502763e+01 9.081494816990449692e+00 3.488862289362184299e+01
1.955561912049067530e+01 4.267907743995361614e+01 3.983521482316938744e+01
4.673592775148539147e+01 1.208143602233223035e+01 3.337853051562648687e+01
3.467659009406794723e+01 3.687222395558529797e+01 3.229289963399668295e+01
1.915408720600309067e+01 2.507950160628290703e+01 3.028632243039516325e+01
3.319232869514784312e+01 2.160965169914664585e+01 2.033123052024914301e+01
2.498278954668233354e+01 1.825996402529050044e+01 2.043238411841397806e+01
1.079822596973832738e+01 4.073775501206809224e+01 3.949608222893196086e+01
2.396311695592126867e+01 2.055277619988829940e+01 2.117958323434003631e+01
5.092407068360625999e+01 8.353878573124903895e+00 2.464776394812408711e+01
2.746737317094468267e+01 1.424772711160925276e+01 2.910364574657720738e+01
4.967976229064289839e+01 2.878502223628516532e+01 2.399229667731611215e+01
4.346270587242469929e+01 3.443316931606305786e+01 3.407278219289742083e+01
4.275395310930228732e+01 1.583191129580285228e+01 4.028832510911783515e+01
4.590487597604116132e+01 1.232834293986310925e+01 2.222710028650516279e+01
3.909711707242163925e+01 3.434528415474504470e+01 2.706184106246929488e+01
2.791362504168593617e+01 1.179467337128938986e+01 4.234308551938931942e+01
2.192273902665822760e+01 3.758304834330541411e+01 2.398951253757586599e+01
2.539779098252974521e+01 4.177594268174133418e+01 3.708902194062323332e+01
1.400726249935611811e+01 3.332427224403961219e+01 4.005928550344140149e+01
3.938693051539694068e+01 2.470505875166180587e+01 4.220309630396626233e+01
5.275511851314254841e+01 2.710338124585405239e+01 2.677440964651933086e+01
2.363984770365090782e+01 8.478355116145650072e+00 3.913807422628711663e+01
2.212289002533002602e+01 4.979538306411783566e+01 3.027365302371669031e+01
6.630730683456846464e+00 3.559643388432715483e+01 2.787209413379116185e+01
2.248384541579788376e+01 1.085755984042220845e+01 2.531504419480191359e+01
5.175507977811053451e+01 1.512901077639255654e+01 2.862564289174884991e+01
3.257692110255882056e+01 1.874918135699326172e+01 2.084620668801463594e+01
4.496342080369862515e+01 2.927466640843856993e+01 2.263786537536253718e+01
3.232249871306184730e+01 1.641314503499217636e+01 2.224626548926871905e+01
4.454472762697561450e+01 2.739154343735078712e+01 4.116011067686237368e+01
5.236561442067315397e+01 1.931769184340240741e+01 3.141862171982462826e+01
1.969167426534757226e+01 4.973905972370298656e+01 2.524736631674115017e+01
9.007597104845519453e+00 3.206436188742443250e+01 3.553905396215323265e+01
4.362332491860261285e+01 2.539783694296541228e+01 2.121703154987612550e+01
8.037752000428742605e+00 3.293311701532240932e+01 2.803039170831457128e+01
4.493499720903064087e+01 1.366594098236709165e+01 3.382915358931350625e+01
3.529509322788237569e+01 2.317772885334887434e+01 2.037048972628656074e+01
1.706414663063387138e+01 5.138945230627418681e+01 3.791333082317692771e+01
2.102800821608106929e+01 2.311776581486778070e+01 2.581212839628471301e+01
7.666947729974757486e+00 3.602319130938749936e+01 2.377502699729467750e+01
5.011233579437118379e+01 1.215431317081783291e+01 2.203921276566236287e+01
4.013785921232742027e+01 2.254422303148497519e+01 2.085798440147292254e+01
3.423234313976049492e+01 3.640353089815329213e+01 3.588809789473835110e+01
2.534260166432682837e+01 4.018033218967775611e+01 2.554914362427914654e+01
1.711107885425294128e+01 3.425141639434380636e+01 2.356467554778077300e+01
3.610401603949540572e+01 1.354828160954644645e+01 2.769006578267583052e+01
2.620670175905274135e+01 4.336933519954827432e+01 2.809741649738701597e+01
5.233113456949237019e+01 1.753045001770658473e+01 2.674127435883542958e+01
3.591657435250975539e+01 3.464018354391070176e+01 2.551763318308546147e+01
2.272561545206537303e+01 2.431933593491017120e+01 3.994781958562156632e+01
2.276216832744401586e+01 1.161095101334693602e+01 3.637723616039189523e+01
2.306911844452696769e+01 2.638488273616159674e+01 2.302774325221719209e+01
4.754642229699641831e+01 1.053115102016289661e+01 4.098899432332629544e+01
3.533850759345559567e+01 3.179811052359943346e+01 3.950564035529716733e+01
2.167337232791734536e+01 4.346698730784385134e+01 3.933597616209483050e+01
4.684833190717793627e+01 1.483022960940362012e+01 3.051112075716558536e+01
5.153821720034179066e+01 1.953137673319719880e+01 3.922263325144604096e+01
4.903636057114245261e+01 1.314294639598034564e+01 3.305376268706915965e+01
2.617984644997410015e+01 1.274794120168030531e+01 3.393524103118743795e+01
3.840040318947167464e+01 2.777370261971427823e+01 4.142272894905356395e+01
4.746028212609837738e+01 2.519048762046771017e+01 4.122261153694735469e+01
2.622943668434620790e+01 3.008443331367129758e+01 4.019223818998992215e+01
1.909963350695344531e+01 4.970197137802920651e+01 3.856104900492000809e+01
3.072192062005271040e+01 9.356706455190138882e+00 3.939811219850921020e+01
2.098439636130341768e+01 2.331316347297969571e+01 3.731889895070165863e+01
5.223765783796167028e+01 1.710587873361253486e+01 3.505031193301574177e+01
2.167677324412751005e+01 4.708492033151522094e+01 4.052297072801988520e+01
1.834502425529395708e+01 5.421829308055225738e+01 2.780411977990845429e+01
2.251344592008095091e+01 1.757863340989091228e+01 2.694680358253322794e+01
1.767855489394350599e+01 3.072275833370552078e+01 3.325034493430423055e+01
2.506706562152037066e+01 4.375968245708191517e+01 3.608918015039235883e+01
3.461540758321473987e+01 2.877696538931012782e+01 2.147317614309923073e+01
2.767649749140085547e+01 7.031966945389296342e+00 3.732127440955738962e+01
4.083516270698286377e+01 1.297514024431499280e+01 3.061763207080220184e+01
2.135154900493258268e+01 3.173820481972117591e+01 3.625997055622403309e+01
5.469953738101476404e+01 2.698897615359103241e+01 3.242883578512040543e+01
2.724121771609710407e+01 4.195760860964331584e+01 2.946719883131591189e+01
4.145203966299860809e+01 2.465136714841934307e+01 2.097917405807639213e+01
2.608235129452584999e+01 1.248715687846715738e+01 2.040907497978384200e+01
2.257756521135360472e+01 1.672027913869708016e+01 3.598312297983232355e+01
2.944144726482188190e+01 9.133276693771453125e+00 2.258452158065444593e+01
3.127636508629959877e+01 3.426380609702432878e+01 2.406343520677112480e+01
3.060703342544369576e+01 1.380026709119682948e+01 3.561495323259817525e+01
4.187358461555290745e+01 2.067095126544741390e+01 2.112995793130122735e+01
1.272644444453581158e+01 3.124353468609808360e+01 3.798511315807063227e+01
2.204261306799856968e+01 1.346194965695294954e+01 3.878165737925012735e+01
4.170595620511258517e+01 1.380576287921200063e+01 3.482985533437978631e+01
2.352215775752455329e+01 2.072620578817856796e+01 4.138510064411376277e+01
3.623177634888172349e+01 2.693139641876012291e+01 2.097807042298479985e+01
1.947816743638513159e+01 2.765265392792097998e+01 3.419502710281273750e+01
8.466173148938587190e+00 4.050701237925508735e+01 2.636724944372550539e+01
1.052394387211565174e+01 3.207937328614228534e+01 2.479612260345003705e+01
1.729617443338249672e+01 3.763750268890336059e+01 4.068087498322850593e+01
1.915126947584051109e+01 4.993156166083561232e+01 2.119240566429058248e+01
5.436325401529999368e+01 2.469584122694067219e+01 3.082180693510779079e+01
5.028727458245015214e+01 9.227324624008783616e+00 3.994794426573757562e+01
1.397662333400045753e+01 5.101748870770089184e+01 2.951103215323400519e+01
1.160180077804854548e+01 4.539641947460435745e+01 3.813438229406314406e+01
1.336361141735195801e+01 4.632163071991987380e+01 2.406759290024167797e+01
2.524336208520941938e+01 4.678671166293248262e+01 3.128137923667024722e+01
5.204800615808878206e+01 1.599590179941931822e+01 3.887930761019799775e+01
2.401212949381233486e+01 3.222737904410087140e+01 2.550304916789161069e+01
2.037623619055793966e+01 4.990960707764395465e+01 2.728481011748373675e+01
2.987343736480005418e+01 2.400712849038053065e+01 4.273478261463360184e+01
5.243051568481371305e+01 1.941996806190524083e+01 3.636095349775769847e+01
3.419657187973699308e+01 3.689892822548996065e+01 2.828039125364814765e+01
2.839207100610406087e+01 2.017134030851978110e+01 2.025130031561762323e+01
3.858532472202573871e+01 1.253737712362396195e+01 3.077476541387694198e+01
2.151691571206468012e+01 3.393472792323900933e+01 2.597491798006225849e+01
2.101409187687212565e+01 4.712763322195091575e+01 1.875263327311426309e+01
2.831400254519021331e+01 9.003023090746602008e+00 2.823140579532714867e+01
3.622581262998016882e+01 1.522360888072936014e+01 3.863049770588902732e+01
2.203057906285466316e+01 1.945464473665409244e+01 3.492801400892236074e+01
4.711541012983252585e+01 2.837856987094321681e+01 2.255733180298288687e+01
5.182426405904007538e+01 3.094555969554222941e+01 3.178128074647536749e+01
3.266237130622413076e+01 1.469467505038850774e+01 2.808200878559215496e+01
1.022236958223759018e+01 4.410550842271298677e+01 2.726556949620596271e+01
5.159101911401133123e+01 2.445780416986433892e+01 2.453864453268989720e+01
4.524282157222613421e+01 1.467661122973979282e+01 3.190653862891873160e+01
5.235171681671283750e+01 1.545989320050733795e+01 3.636961367182186677e+01
2.965032294516069911e+01 1.491323249069536772e+01 3.113718479900923342e+01
2.728655642389637137e+01 4.050251930426915692e+01 3.379074178930146388e+01
5.240644198504039508e+01 1.164424993987404378e+01 2.611152827866078141e+01
3.727353414187359704e+01 3.272520323260528130e+01 3.839560446869904808e+01
4.862106340960533402e+01 1.600388483836343312e+01 3.111665530576355820e+01
3.559029892744965196e+01 3.510007936399627937e+01 3.696456078198217199e+01
2.603932699916612137e+01 4.414292647547076598e+01 3.421220429629472193e+01
1.699731835975084593e+01 3.607221188227430986e+01 2.253751808408967960e+01
2.273282702690409707e+01 1.654111816266983936e+01 4.112734908267793799e+01
3.237324641135079872e+01 2.091959496841310440e+01 4.268860689824116150e+01
3.860697925632378258e+01 3.492143281918576747e+01 3.467235275780056725e+01
3.951764318974686319e+01 1.394947255025289579e+01 2.665370741238005792e+01
2.108301492785161457e+01 5.066336315234531185e+01 3.223742673917957546e+01
3.090772947973416507e+01 1.045386475478064803e+01 3.639883032231455218e+01
4.974415181139623598e+01 2.102264706136190497e+01 2.242184360229605389e+01
1.599158530825937596e+01 3.368660554119175288e+01 3.963021745368116200e+01
4.697071454748973451e+01 3.427620700848348889e+01 3.063996347191294944e+01
2.576948562796398789e+01 7.523645568790257698e+00 2.400035413704702236e+01
4.687476305874939442e+01 2.316322591359532979e+01 4.145135258810735479e+01
3.141516060640968533e+01 3.009178446084261793e+01 2.186496652830865983e+01
2.630738687620522853e+01 7.443282550243059958e+00 2.668220759678598597e+01
4.367856083423637870e+01 1.242658771506160775e+01 3.807397593035000938e+01
4.871440952712822536e+01 2.397739852023910601e+01 2.216991277648028102e+01
3.031219541036139020e+01 8.980900414651056707e+00 2.651684294040149936e+01
