1.830389920440282836e+01 3.447918970349255119e+01 3.922869415951817729e+01
4.446990196099804393e+01 1.180787258090803249e+01 3.957750669456802228e+01
4.887720336936469323e+01 7.407494586795231761e+00 3.887590001834082187e+01
1.919526523393758310e+01 4.794978505059116003e+01 4.492086762571494063e+01
3.164212731017657987e+01 1.456895811088471326e+01 3.610017394567491067e+01
4.076673395207032513e+01 3.393563900935194511e+01 3.570510646514766506e+01
6.385785656565042601e+00 3.689012742063648886e+01 3.411105905529466042e+01
2.853429464503078350e+01 7.479819181742361600e+00 3.667589556656576377e+01
1.796504890694289713e+01 4.785040623767715573e+01 1.859165809322174567e+01
3.788832171744939359e+01 1.528095752676141750e+01 3.884514014953734318e+01
4.522644174639203385e+01 2.828844062323189590e+01 2.218097010196508734e+01
2.539459680187560053e+01 1.653730314914422550e+01 3.029160915849652014e+01
4.301633465151276425e+01 1.768993117093327783e+01 4.136700939603947802e+01
1.728571390656246010e+01 5.055236450949443849e+01 3.773920262911715895e+01
2.111491740962383901e+01 4.134393587422056981e+01 3.956015116707334300e+01
2.219466375716666207e+01 1.226615964879104581e+01 3.874686019089770639e+01
4.865356390501308681e+01 2.619844797057851693e+01 4.061153429103589474e+01
1.833539962737415507e+01 4.193715420500495838e+01 3.996908366047949102e+01
2.264331755041460426e+01 3.796616081267984555e+01 2.427416862515556772e+01
4.785000557191743553e+01 2.163991126499982798e+01 4.118649936450090365e+01
3.243057781219683022e+01 3.123666346025026286e+01 4.036916337762869489e+01
1.158930648027340737e+01 3.103050211399989422e+01 3.672899456795111917e+01
4.716184222869435416e+01 3.300734526958459014e+01 3.584891879390268343e+01
1.822615188913110273e+01 4.952507340196899577e+01 4.263170144545955509e+01
2.559857124421523622e+01 1.263641100538230866e+01 2.897433182983988331e+01
4.500061228869837748e+01 9.353522179972603823e+00 2.779416351209097158e+01
1.260439423980006701e+01 3.059849658801364569e+01 2.867889130026971500e+01
2.028020877164620828e+01 2.380150617355008080e+01 3.591709490425864004e+01
1.906716193987894314e+01 5.308946984124388990e+01 3.734003876793278209e+01
3.791405488473478158e+01 2.537907760256121747e+01 2.074180414712809295e+01
3.342044951063877534e+01 1.384639411287867716e+01 3.306094601718226045e+01
3.319745464385438538e+01 1.485151063296355112e+01 3.611725739944191815e+01
4.611905989147469853e+01 2.410587375840179547e+01 2.139108871639355058e+01
1.340853159576942311e+01 4.793809628252308386e+01 2.474300865774783631e+01
1.659114479959372090e+01 3.780845000115254351e+01 4.081083416447582124e+01
4.087817874678061258e+01 3.126062880273004652e+01 3.894383228776390382e+01
4.425981735026761044e+01 1.027376872095234894e+01 2.669777827542891302e+01
4.832404261877844931e+01 3.260012703524638766e+01 2.710466817498483039e+01
2.790302228901269643e+01 1.734476180256132594e+01 2.028886729211529527e+01
2.164656576401946353e+01 3.421454222357990460e+01 3.727784688637338917e+01
4.967297338161355924e+01 1.167115971803465690e+01 2.971350545207487315e+01
1.868335978711021284e+01 4.995031707909892305e+01 2.088103019199925470e+01
5.144397330595668905e+01 3.115232124280595727e+01 3.319951777578544494e+01
2.640040638456686750e+01 2.985300202573674255e+01 2.245080989492524637e+01
1.266322966657525484e+01 3.096405247995032894e+01 3.709616189320470880e+01
1.887791879547622997e+01 3.655998611847485336e+01 4.005490467409084232e+01
7.137810833719701264e+00 3.389565693632379606e+01 2.990603733439794354e+01
5.016374622767335012e+01 2.596958981158235247e+01 2.317678897274521788e+01
3.598188404888347236e+01 1.643070355638601399e+01 4.086435692108439355e+01
1.602512465298714162e+01 3.071163038006470458e+01 3.016093780070919195e+01
7.339279597215865536e+00 3.816932658508996212e+01 3.764229635672690222e+01
4.042866377610837247e+01 2.273633084989926090e+01 4.215652180611867550e+01
4.306215859288221282e+01 2.438598169388688319e+01 2.109118975804221563e+01
2.413332143931701523e+01 8.270395010661687252e+00 2.610162244610546267e+01
2.155375098872482198e+01 4.362203389999226744e+01 3.947160220347079473e+01
6.994528132830984291e+00 3.403900318956176108e+01 3.199605613202233556e+01
1.348315037152716656e+01 4.716325185550044807e+01 2.429803240308421053e+01
2.265077763715305892e+01 2.273409284337244429e+01 4.016645192270891584e+01
4.984903662494817667e+01 8.952523803206517528e+00 3.402815566513767465e+01
2.777727728697954745e+01 3.771743652758926402e+01 2.971111268793348970e+01
4.407990746764759393e+01 1.252938439145076899e+01 2.724390960868831968e+01
2.891956823939047538e+01 1.932339777501373845e+01 2.025461269672779707e+01
2.210538563729939554e+01 1.312959039414071682e+01 3.814818975004620683e+01
1.159719572794514875e+01 4.829372301239594378e+01 3.109280197390887679e+01
4.015773639399255046e+01 1.509552906486857538e+01 2.523599259927910055e+01
4.826321173972900169e+01 1.307496872211300598e+01 4.146267637148330465e+01
3.732436572491553761e+01 3.196208137561194462e+01 3.887989481284576243e+01
2.299619709832914438e+01 1.728905629926336829e+01 3.509213405893938642e+01
5.367381159225331544e+01 2.828073856741437098e+01 3.012408334288368650e+01
3.754775755667230186e+01 2.854283824923406243e+01 2.175323724161335548e+01
1.466406214549834530e+01 3.871585559834527857e+01 2.208538259553488103e+01
4.008561037669269211e+01 2.991930140962834628e+01 2.276454899319263347e+01
2.169993790762230290e+01 4.710767819084738051e+01 2.031215594944064406e+01
2.399216268228056137e+01 2.521306645398119883e+01 2.207871803529789645e+01
1.676159020569027902e+01 4.009219279549569848e+01 2.246342368576491211e+01
5.194654904322241862e+01 1.467485297502915387e+01 3.925483472795416162e+01
3.241461003458032053e+01 3.610202486368046237e+01 3.714016589122614675e+01
2.542160004292258435e+01 9.669275072564067486e+00 2.840590194925574608e+01
2.911333610070132494e+01 1.989550240413568361e+01 4.275368218967559386e+01
5.161136627220068362e+01 2.570387192290300504e+01 2.462735842532316610e+01
4.318178259178620237e+01 3.349151640160063437e+01 2.650598473070503758e+01
8.372372112958846202e+00 3.252522216490712026e+01 2.923891252760364878e+01
4.722842902386883424e+01 2.023662341995204983e+01 2.158316609905222450e+01
2.603185998310271643e+01 1.846421584966864771e+01 4.274864068148110618e+01
2.259232065622017771e+01 1.870140740075845542e+01 3.208766642484869891e+01
2.902508501055519474e+01 1.104678997830390053e+01 4.182191779104434914e+01
2.852953062077361679e+01 1.162786438319721150e+01 2.862244834843984620e+01
2.680198988608248101e+01 3.960606067508670236e+01 2.820585524127646693e+01
4.947930104392287376e+01 3.251588561644982889e+01 2.829212130248967583e+01
3.320420527991111470e+01 3.620254019566176851e+01 3.673425365032197476e+01
2.913383329761308715e+01 3.593476594839241045e+01 3.738466947900943893e+01
4.430476538452419533e+01 1.789216890865268184e+01 2.167417409628279046e+01
2.190617952957637016e+01 4.574004638632943909e+01 4.072797387197557129e+01
2.814481288654117108e+01 3.649634135078549946e+01 3.631956163783362967e+01
4.950437808340263501e+01 1.015491980590362608e+01 4.076547028996791511e+01
5.188644106078455565e+01 8.814293637383762814e+00 3.690637969383035255e+01
1.458236432426500429e+01 4.484643685798667434e+01 2.353069097069577964e+01
5.278651100685220143e+01 2.804158250189809820e+01 3.524940763639281727e+01
3.041006513902787134e+01 8.579212825427701361e+00 3.902843318793958360e+01
2.498089105108810415e+01 2.306937369517605418e+01 4.177937151798565907e+01
1.078621041336214681e+01 4.498443378662233982e+01 3.675604730805041243e+01
3.970853330515399193e+01 3.397450712861107291e+01 3.606940523561534917e+01
1.165624779479629503e+01 4.651287158813025258e+01 2.551678927787083140e+01
4.354071189002744546e+01 3.237231158521468899e+01 3.777884835343127179e+01
2.223287974311600124e+01 1.741050888155918486e+01 3.993321233690199534e+01
3.455097057809869909e+01 1.352864703868206853e+01 3.371500522242895670e+01
2.513204459383871026e+01 4.461981809637192953e+01 3.522206543776203347e+01
3.361748625361150289e+01 3.099787479264157142e+01 4.032060430308317223e+01
2.884725670133894582e+01 9.877165604867505166e+00 3.466528731102604155e+01
2.027437816861349162e+01 4.055290806379019841e+01 2.309381865442844983e+01
4.473981540066468909e+01 1.097185389533307998e+01 3.493052715394263430e+01
1.965569591693751050e+01 3.351555907668380740e+01 3.759465188378567291e+01
2.224276179418326294e+01 3.797621118269759677e+01 2.402186656833039535e+01
3.044608239695347152e+01 9.733147701009729147e+00 3.596814095384898735e+01
3.132185941372576821e+01 1.224576696278800370e+01 3.687968176712423229e+01
1.650414446735079821e+01 4.862075873557516559e+01 4.160085942493144273e+01
1.076782824782205772e+01 4.376914683785323490e+01 3.780256331405300330e+01
9.748153413603002804e+00 3.418072166691781888e+01 2.290663763871295089e+01
3.030229854467597761e+01 2.383989243576569805e+01 4.276754462449326155e+01
2.940447130300925949e+01 1.421767328978590150e+01 4.211873447022055217e+01
2.778019862842647569e+01 1.120476524420534226e+01 2.885642932825240337e+01
2.402366015792324205e+01 3.949486340272778762e+01 2.460969399796782753e+01
3.759894668430597164e+01 1.891057132064101509e+01 4.213983265726326977e+01
3.121710962711629023e+01 1.421709269509939944e+01 3.596514504616141039e+01
1.796550716263062597e+01 4.955155936488181112e+01 3.958784848411325186e+01
4.693798120190795942e+01 1.417005633756832061e+01 3.281314252431833722e+01
1.399967842676144514e+01 4.771835294223694035e+01 2.444311146233067689e+01
4.178377191722267980e+01 3.385281487011759083e+01 2.710265275961483411e+01
2.342853331779239312e+01 9.621671822905462079e+00 2.285705376138809441e+01
1.269268849974742253e+01 3.040091572839338241e+01 3.170010020932442885e+01
2.698173246372746803e+01 3.547028370130850305e+01 2.593693602256162833e+01
3.828495498769548533e+01 1.264439536789440943e+01 3.346777291797612008e+01
4.474579323824414701e+01 1.623579020043035825e+01 2.195854254957149010e+01
3.176730168862416548e+01 1.355679995043187702e+01 2.451259738670985300e+01
3.344859229869917527e+01 2.363251100515267211e+01 4.275932992936522936e+01
5.239975434495416096e+01 1.923925357939398850e+01 2.940806289528059381e+01
3.102398505713873789e+01 3.722952586229690297e+01 2.752415869419841243e+01
4.188116950171507824e+01 2.168742576021117685e+01 4.195172417394314124e+01
5.235924449881921561e+01 2.395707939261691877e+01 3.733022770673741775e+01
2.934888956977456331e+01 1.171466740216939328e+01 2.823434525608936951e+01
4.006155934055199452e+01 3.352958097351708489e+01 3.662389856010012323e+01
3.903798589479560377e+01 2.672848310164838281e+01 2.112488080373717736e+01
4.551417118988398158e+01 1.061665843110423424e+01 2.868274497160942360e+01
5.185441040491834030e+01 2.738587615895146499e+01 2.548676069751246587e+01
2.974975558701880018e+01 3.690422556011184696e+01 2.670973807886190343e+01
2.845767569321115431e+01 3.461787262257605846e+01 2.464064105263327420e+01
3.761684436177624491e+01 2.906748139384165697e+01 4.084832319970918491e+01
2.980017118347319638e+01 1.111936923902994323e+01 4.141302478097723139e+01
5.313551907963930176e+01 2.881511124721913575e+01 2.975958663091462597e+01
4.554751046160554040e+01 2.875812372184474697e+01 4.045467938337589686e+01
7.717891124752704002e+00 3.971011299427125607e+01 2.725593931401816761e+01
4.934109687483061180e+01 1.601967354416158784e+01 3.233902426583421885e+01
3.766262542199527275e+01 2.373617653753072432e+01 4.239519578283560008e+01
4.120427094568808002e+01 2.790074706253253112e+01 4.118961187582114292e+01
3.803190238528234346e+01 3.557096557289214900e+01 3.211209510600990313e+01
5.249150178956165291e+01 1.357091581135620117e+01 2.574585692512466650e+01
3.034996747482121648e+01 2.451748758884560431e+01 2.026135379394138170e+01
1.857098045794477770e+01 3.174022681587508288e+01 3.577225102094910625e+01
4.512148462314922881e+01 3.380131891604218453e+01 2.738890673726708513e+01
3.563449025937281078e+01 1.470050194415790656e+01 3.757338275421398066e+01
5.050335086661911532e+01 2.905939523093822885e+01 3.785744747389771447e+01
2.395025163956281133e+01 2.827875590483123247e+01 3.978323566750874818e+01
4.157054525523506072e+01 1.981731681836151537e+01 4.186362155225469195e+01
2.333860669766744778e+01 4.526837374562545335e+01 3.677585729951686488e+01
5.358739712929138932e+01 2.265083183837486303e+01 2.981336853740416615e+01
1.041414375769917378e+01 4.186956396458259633e+01 3.844322558377496080e+01
2.148049578875080456e+01 2.764875241466852884e+01 3.733695408727493259e+01
3.084926015612317940e+01 1.173147124543086584e+01 4.069317199954912923e+01
3.865991510947893062e+01 2.919505647656513858e+01 4.064855256930832184e+01
2.772210213677745116e+01 1.472220517034630838e+01 4.270892221848970394e+01
1.427008260494390157e+01 3.646013497838003303e+01 2.187047648747022777e+01
7.911378733020352882e+00 3.295734994283229469e+01 2.917273826670879089e+01
1.927873771535474035e+01 2.420119769487971695e+01 3.253892687337042133e+01
1.747693625161798536e+01 5.428629609767566677e+01 2.498542272859367230e+01
1.408517603272162333e+01 5.096990810283442386e+01 2.893230445417361096e+01
1.511070979963277772e+01 4.496361473256437336e+01 3.954496742061460424e+01
9.809895323583171844e+00 4.374506182742092619e+01 3.227944295553395904e+01
3.003722850183236304e+01 3.119172283093416098e+01 2.237641454769709171e+01
8.467817809438015431e+00 3.926792326197167426e+01 3.839224023445481748e+01
2.493412299319625092e+01 1.676666988605294151e+01 3.080905291427473003e+01
2.654401804933068831e+01 8.366891811747803942e+00 2.802827030838833977e+01
3.349348688420194975e+01 3.676505253195365697e+01 2.713610101696107790e+01
2.606115279655983130e+01 1.949362569209983320e+01 4.266075320311765040e+01
9.544737376354566649e+00 3.240732570848957295e+01 3.820250317033667642e+01
2.162772913922391282e+01 3.569868396661332355e+01 3.820831922448497409e+01
4.378061714974796104e+01 1.278799309951403984e+01 3.872022729013127673e+01
2.273445667822089433e+01 4.492627079376298838e+01 3.794673980844365957e+01
4.207937237671829678e+01 1.879562617225075627e+01 4.169475140868210872e+01
3.552805673723556623e+01 2.607932662077875818e+01 4.227352861159631914e+01
2.613004264293063272e+01 1.382046019195181152e+01 2.023580015942745547e+01
2.847886636570340002e+01 1.289214797193849549e+01 2.070552004249728029e+01
3.691054419638355455e+01 1.805284061076907065e+01 2.118514669392556016e+01
1.981720812895835593e+01 5.114158508897082811e+01 2.957002953078238150e+01
2.897390130580721035e+01 3.226822993114097216e+01 3.986439984001097514e+01
3.267703625157272995e+01 1.468972806275212051e+01 3.517563270120378149e+01
3.604077470265604433e+01 1.373008507491387142e+01 3.616998096927518702e+01
1.282591241551918060e+01 3.773656648017005466e+01 2.190253552728214004e+01
3.839488773409929934e+01 1.474720608264878940e+01 2.532388946615981951e+01
2.638183914935106600e+01 3.955206307224702300e+01 3.602535249417034180e+01
2.158722201098233739e+01 3.086799159731198117e+01 3.630370240745760668e+01
1.387712953914898506e+01 3.147500103608600242e+01 2.525209341252572415e+01
1.247399271259539333e+01 3.324975927657348507e+01 4.026982838602871340e+01
2.000498562521936918e+01 4.760919012195622457e+01 1.815764058215675547e+01
2.367277906553037781e+01 8.459614810175327904e+00 2.494555385064429132e+01
3.353731060436182077e+01 2.211745237868037961e+01 2.030372046407253706e+01
2.090759484311923444e+01 2.107182981031163038e+01 3.447100591532532121e+01
3.044921546094062137e+01 2.029293527301715017e+01 2.031246786122869707e+01
4.955553263199403347e+01 9.104449359779799522e+00 2.290538405614909934e+01
5.128520337936881646e+01 1.647962362238601486e+01 3.352775100466923419e+01
2.018060040032856151e+01 4.373196181214933631e+01 2.287635750623737252e+01
2.782898562679787346e+01 3.781576642449248737e+01 3.185375499640673169e+01
2.656582528792366915e+01 4.063271912624334448e+01 3.579247396775807033e+01
1.629390562763318684e+01 5.167476106881601083e+01 3.206956984941197675e+01
4.107568206071030659e+01 2.273422014987976780e+01 4.209211168120486946e+01
2.210014067998795184e+01 1.377991581383831310e+01 3.780467696509294484e+01
3.573499313986590664e+01 2.977280301306300458e+01 2.217490548482587442e+01
1.456324874431537175e+01 3.065634329969934768e+01 2.828260992653546424e+01
3.196284808264800148e+01 1.524999620995145833e+01 2.298920296807560604e+01
1.790626412556395053e+01 3.796818711230044840e+01 2.245901436432966136e+01
3.665562722087477709e+01 3.044324624769679843e+01 2.273069219759045012e+01
1.480247817073596650e+01 5.133574939297068340e+01 3.311475824298916848e+01
4.271238645692454128e+01 2.893970814040309492e+01 2.228138828271263350e+01
3.196652811298583430e+01 3.515562024198239044e+01 2.469590690630696983e+01
2.605931694166965329e+01 4.360391635690943701e+01 2.805210218317707671e+01
3.106458266230902510e+01 3.646003289944837888e+01 2.591514180899529762e+01
4.562132388884072043e+01 8.613652036099722409e+00 3.499703204862539963e+01
1.582313318195731355e+01 5.153597242205678697e+01 2.600319294427158212e+01
3.744768415350737456e+01 1.860677608072642641e+01 4.207091876837091604e+01
4.806948894142631445e+01 2.877729584015892783e+01 3.980242068314988302e+01
3.832893828749556775e+01 1.698997107723107192e+01 2.193410640206632678e+01
4.988189440544215358e+01 7.235265753796238819e+00 3.723898319842719218e+01
2.269754503251012778e+01 2.379245475353827288e+01 4.000886687153584376e+01
2.477960369466519808e+01 1.711232401126247282e+01 2.044154475992522180e+01
4.736186773760848467e+01 3.258168003857882411e+01 2.645359071124710226e+01
4.758582264751274238e+01 1.031489262606169888e+01 2.224654060873084660e+01
8.855097914479706844e+00 3.780469704556281130e+01 4.004329410579983772e+01
2.700933650029736555e+01 3.346575235162592321e+01 2.434590345015099899e+01
6.518155829019917746e+00 3.797915240882581855e+01 2.956527977274545549e+01
2.223240270555784548e+01 4.827095116331896918e+01 3.463532015417907672e+01
2.645503086295559214e+01 2.996404288200995936e+01 2.248524681896000033e+01
2.144317407042946400e+01 3.574720358215848393e+01 3.835207262295413244e+01
4.769862203614877671e+01 3.207025939248600821e+01 2.591441499984621899e+01
1.123164467695588975e+01 4.750867759312791350e+01 3.122337384249925663e+01
2.834559063386869582e+01 8.406146101538434223e+00 3.513656462259179136e+01
1.698017556290040631e+01 4.198337066935697948e+01 2.288104071280205787e+01
2.591689491746547347e+01 1.348846844564601710e+01 2.913215821713350806e+01
1.175780611384468344e+01 4.851668671685278156e+01 3.292302735599704988e+01
2.966366191358363125e+01 2.470596439400340572e+01 4.267307759468883432e+01
2.618844316281968787e+01 2.391899989279918515e+01 2.084874397319423522e+01
4.717102767349816617e+01 2.335088067984634108e+01 4.137705834261492299e+01
5.131018823144489005e+01 1.284963073196164451e+01 2.272598495124243101e+01
2.340704543420508088e+01 4.248264995452407078e+01 2.451130220421389083e+01
3.743752589254194874e+01 3.567847563342676409e+01 3.350575392000354213e+01
1.657771769928105243e+01 4.902310468769982066e+01 3.906904775614812309e+01
2.395553329748236138e+01 3.558337903963066395e+01 2.611771438177589033e+01
2.146329284101749835e+01 4.684156864086181571e+01 4.323502068715061597e+01
1.572404141246655307e+01 3.624491080376365915e+01 4.085707541839012436e+01
1.683869696873787447e+01 4.546140982245183437e+01 4.153706887532308656e+01
1.837777794581297997e+01 4.965680620982426774e+01 4.133544161255400695e+01
3.606881724507436360e+01 3.519418020134801139e+01 2.627222600200930813e+01
2.428946342732036356e+01 3.072342611921962785e+01 2.441871610909423040e+01
1.094646360331941182e+01 3.735000185886448065e+01 2.200464665698467215e+01
2.657086595079456970e+01 4.034517033572134892e+01 2.728364544394643332e+01
1.874751838220921485e+01 3.201479113465338600e+01 2.697766411243711104e+01
2.911091613270946254e+01 1.266009067440583635e+01 4.204101339291497652e+01
5.340766878491065484e+01 2.648786500393622134e+01 3.518267923359919536e+01
3.649260322233006804e+01 1.720301030949026355e+01 4.154847871112213653e+01
3.300100768631614301e+01 1.608467335990416558e+01 2.316192364548087568e+01
5.303136854149011725e+01 2.132195241245049999e+01 3.431365082058991334e+01
4.708043118484192746e+01 1.312260353680964364e+01 3.313760491131245800e+01
5.215348317305864612e+01 9.815535101619973446e+00 2.661011573627052940e+01
3.775880361500822602e+01 1.480645022246134346e+01 3.811375543332675875e+01
2.489997148464033216e+01 1.684550974633508957e+01 3.293039258323796048e+01
2.490642213341313038e+01 9.905861945924840484e+00 2.828477596217688017e+01
5.469962428070191862e+01 2.643138639762014819e+01 3.041124453796806293e+01
3.420737499119719160e+01 2.160079772304843715e+01 4.267894579456186932e+01
4.758947930306139540e+01 2.716302702663077184e+01 2.219609033163826695e+01
4.081056563566210116e+01 1.890002912220770170e+01 4.181308575361137514e+01
2.347714461712855183e+01 1.459779360108745294e+01 2.804385664227152475e+01
3.921263873524885923e+01 1.644199845752606493e+01 2.267255782300342304e+01
1.675089810832223236e+01 4.712058090781136599e+01 4.314012260276612665e+01
4.182288625800151749e+01 3.023269825634538321e+01 2.309497021280433771e+01
2.738395728262949547e+01 3.929252043914802073e+01 3.084458008444531885e+01
2.865321658219570367e+01 1.345408376123299732e+01 4.232088494780160204e+01
3.519283293031298143e+01 1.818641281837546941e+01 4.206199425779814760e+01
5.236142084428489341e+01 1.912015308794609325e+01 3.666564117725926053e+01
3.069276511633660220e+01 8.767802123654540480e+00 3.845991575420484310e+01
3.463495879528017696e+01 1.434069903992112671e+01 2.689711555130840992e+01
1.017925257311192766e+01 4.429199368478689536e+01 2.820949465703335335e+01
2.374923648609517457e+01 8.720197720795326290e+00 2.626825966610675778e+01
5.402592183447284668e+01 2.393437489146158015e+01 3.222570636718230475e+01
4.226369350667172853e+01 2.489192077179108864e+01 2.105204704932899418e+01
5.027728633870789565e+01 2.043117980653276078e+01 4.030529083600347917e+01
1.306886541200233154e+01 4.901785914949543610e+01 2.611166238735356160e+01
4.607391368229528439e+01 2.941959400550833337e+01 4.000573266466441424e+01
1.798183924721982052e+01 4.703985654134496031e+01 4.434905681203951389e+01
4.615827761187998135e+01 9.660883657743713826e+00 3.412748400388646530e+01
2.270996101013285084e+01 3.756927893735499424e+01 3.858635699759562954e+01
3.049470919822007176e+01 1.938865853885819490e+01 2.039432118143461636e+01
1.827163855017069238e+01 3.150909064593021469e+01 2.779937675625989613e+01
2.649806600020325575e+01 1.340968320903190758e+01 3.389048665063388910e+01
4.543256040598100753e+01 3.425568023695457498e+01 2.879055604316064176e+01
2.114190143452941939e+01 4.474002467359375146e+01 4.233725411677173156e+01
5.019821705555781222e+01 7.527762381539621295e+00 2.594554730063237002e+01
1.939653466659885339e+01 3.641240345549390156e+01 3.977052793066042824e+01
1.870236936131143324e+01 4.979671922606782886e+01 3.807453916561978247e+01
2.944747921430157689e+01 1.118931711517478611e+01 2.157028252904411403e+01
2.723828175747296498e+01 1.090248872565860161e+01 4.226643061007734303e+01
2.127224258993474137e+01 4.788674156266876025e+01 4.192484497123631826e+01
1.021472779760808436e+01 3.877362490271812590e+01 2.256036128729510537e+01
1.954596776016771997e+01 3.928842158542147445e+01 4.015797288087995298e+01
3.719056199437196142e+01 1.328689639072738515e+01 2.775445881390655245e+01
4.833998229786035949e+01 1.173837125100105361e+01 3.313941214632675525e+01
2.178152034703164830e+01 4.695318526726147468e+01 3.756266495705330044e+01
3.865071079479613303e+01 1.872368811214644069e+01 2.108359790204164597e+01
2.289666497248056487e+01 1.763273358299334603e+01 2.783427717342267371e+01
8.146750699204162061e+00 3.970681708496357487e+01 2.550591990608911885e+01
2.203478129207240599e+01 1.514785275559899347e+01 2.508210086036192621e+01
2.608008644819678779e+01 9.000367048493156830e+00 4.149052184995580461e+01
1.850768090908695740e+01 5.155625616537334110e+01 3.039928548686209098e+01
7.355538632381154684e+00 3.395828292299869844e+01 2.732869026653276734e+01
3.035987138725946366e+01 9.796264783736052806e+00 3.585079748033839309e+01
3.740512501108466381e+01 1.857401409567102490e+01 4.206520723385033733e+01
1.304250477923374874e+01 4.993062736584499106e+01 2.768278316758150837e+01
3.633882113908878608e+01 1.325455483173331572e+01 2.843953250291653490e+01
8.425327222072759525e+00 3.238085748914056694e+01 3.150333066355379685e+01
1.185258869592651898e+01 4.668029979988168066e+01 3.756752870286484836e+01
3.992028200706629093e+01 1.623587733397014432e+01 2.294409982903745515e+01
1.039549752332357713e+01 3.340167743328441219e+01 2.323327883458824417e+01
2.528068887587932068e+01 1.123101973038571444e+01 4.224634590628232900e+01
2.351975204632816130e+01 3.514469419541644868e+01 3.697876723510459840e+01
4.456704106559279666e+01 2.586517247831634236e+01 2.135329848218541926e+01
2.139806553336206818e+01 3.757879156848969160e+01 3.934040239090216318e+01
3.837318027955777211e+01 1.413200819675032704e+01 3.721088789858512058e+01
2.227311157764260230e+01 1.731625291957986335e+01 2.286086592285479568e+01
1.850511077906131163e+01 2.886073184910611644e+01 3.127606458379094789e+01
2.338708100517263944e+01 9.915014097531470227e+00 2.690650580622652299e+01
1.315608518920964620e+01 4.552869078193803887e+01 3.905707509632397745e+01
2.497163323194151019e+01 3.245653796797903112e+01 3.787099988303491216e+01
5.007366784611129162e+01 1.243812123641897749e+01 2.967816032411021610e+01
5.196273780551700128e+01 2.631932282518422284e+01 2.517289440297695791e+01
2.059120965976683237e+01 4.517262739686435680e+01 4.337975495460013065e+01
1.575449135624513630e+01 5.102277860189337844e+01 2.625263267160555003e+01
2.274647272119674568e+01 2.277576131286257777e+01 2.268561304743393947e+01
1.818343002525134722e+01 3.081055656153614208e+01 2.914572969307746675e+01
1.581295632761696979e+01 3.952399268152448286e+01 4.072992310428196561e+01
2.145702649190681655e+01 3.833434036347509277e+01 2.351378844834630399e+01
3.806552572112042299e+01 2.790065012110731857e+01 4.139201407665810706e+01
2.708525191816905320e+01 1.547976333030442575e+01 3.253219921482701693e+01
1.045056987259253845e+01 4.529120242451891443e+01 2.900053242417268251e+01
1.905077019566794050e+01 4.471847695733639227e+01 2.094008549570747135e+01
8.542714351780512416e+00 3.689289274298664623e+01 2.288032007929955114e+01
2.849805001917819425e+01 3.299603871486083762e+01 2.354340508127795317e+01
3.064598115907330111e+01 1.145685315401280313e+01 4.081687152684650499e+01
4.088985673208104998e+01 1.397365152270773692e+01 3.583175857884891968e+01
3.849075775710130642e+01 2.561730765042299396e+01 4.211470174436162495e+01
2.662790786134231169e+01 8.051974339759787824e+00 2.272281633179306581e+01
5.022310611046012951e+01 1.486322667645773166e+01 2.988321884341818446e+01
5.133997922325401220e+01 8.685868485584750331e+00 2.479310628804958228e+01
3.651117385832595374e+01 1.275997793094791888e+01 3.321836969463989675e+01
3.560751700937308328e+01 1.718862728067459145e+01 4.153458184263317321e+01
4.323520723173943026e+01 2.298028195819541253e+01 2.110423419836001813e+01
3.947599727226332789e+01 3.512084692487015047e+01 3.084059005875209891e+01
1.672156220034650431e+01 5.332237720338607545e+01 3.512760102383715832e+01
2.315306835882770287e+01 1.400804231317980708e+01 2.153508181453563353e+01
2.419952981216825449e+01 1.315891829418989190e+01 2.845359574442060335e+01
5.094035292451157915e+01 3.117765622949160331e+01 2.815991877588101744e+01
4.777670152663358039e+01 7.635516677044956957e+00 2.414898321309581064e+01
3.228190784571813765e+01 3.450144554930319885e+01 2.430947797226234286e+01
2.256184146118126321e+01 1.529980028757951160e+01 2.215670094428386250e+01
7.059172015879051187e+00 3.517941195363250984e+01 3.751755934367423606e+01
9.152730683140678281e+00 3.192933175140387192e+01 2.869247938219942995e+01
2.262447651116524128e+01 1.561545270971424237e+01 3.598832977686429047e+01
5.073235357379942911e+01 1.701761269776402585e+01 3.028139650065769217e+01
3.542964445577132437e+01 3.178901503055703159e+01 2.338626569033107216e+01
3.165830223118263831e+01 2.225358393205157981e+01 2.024575259671452443e+01
4.799236866637565413e+01 1.402218302542937600e+01 3.018535672155120508e+01
3.710266688424874815e+01 1.260450426090089593e+01 3.262030644437047044e+01
2.316790912206822384e+01 1.793346265059375710e+01 3.437276373270677965e+01
1.653904873640457396e+01 5.255459827670242134e+01 3.795821925815464226e+01
3.066689735626730595e+01 2.441181303445566897e+01 2.024209376947642625e+01
3.383143544993618690e+01 3.714971948667068347e+01 3.197001271553488166e+01
9.720813960267818743e+00 3.266200275031274458e+01 3.883120126217440315e+01
8.815062021753458765e+00 4.112457746488163934e+01 3.559689688111777883e+01
4.991154195953311046e+01 9.398602159949762225e+00 2.286334386106593897e+01
8.044912731103719850e+00 4.016261467978964106e+01 2.726212768632719730e+01
2.201476241000831635e+01 1.509105076653383115e+01 3.815522229510531815e+01
1.256449435658740477e+01 4.975830972761437465e+01 2.916098488713370074e+01
1.595920912492242039e+01 3.988068884494219901e+01 2.236226951314203504e+01
5.281862005647700897e+01 2.919812336615185444e+01 2.957279756508611968e+01
5.059857530497799871e+01 1.144297963196778056e+01 4.058136523876264334e+01
2.822971836570144433e+01 1.642320463745874903e+01 2.036800775463377988e+01
5.199907430882706905e+01 3.072172478089652969e+01 3.101245502317482305e+01
4.432934748669178049e+01 1.530386029257525138e+01 4.063345822513083760e+01
2.271265711912099761e+01 3.572993802038527633e+01 3.757949659929223429e+01
2.791460569690110205e+01 1.960373123463869760e+01 4.277400630786613789e+01
1.747913182646350450e+01 4.591567970626442730e+01 2.031138397231119086e+01
4.323967079748922515e+01 2.833308808965941594e+01 4.086083503806634809e+01
3.010438113386221204e+01 9.787240741385183185e+00 2.268807964890463325e+01
2.680620525055895342e+01 1.917891491082606592e+01 4.276836006356414543e+01
1.759596866138142701e+01 3.233959924836975830e+01 2.597493274618041426e+01
1.760759075217389480e+01 5.504954532520424948e+01 2.682715424949348204e+01
2.274556268486171717e+01 1.624769489980526060e+01 4.116524847773052898e+01
3.524733220553639512e+01 1.353568282931933986e+01 3.483409094688707341e+01
4.838801758030327704e+01 1.292853463904787503e+01 4.144819193024503790e+01
3.120136250778048037e+01 3.159496115904994440e+01 4.028776948703024630e+01
9.317573923364234290e+00 4.202291219785033149e+01 2.699932690928635992e+01
5.036049172083188807e+01 1.166127645330188045e+01 4.075338424799387838e+01
2.259074624696164690e+01 1.749733149206762306e+01 2.222264190247894788e+01
5.454629095840127917e+01 2.649648660270986156e+01 3.316950013528591512e+01
1.945495038290999545e+01 5.177628440786023845e+01 2.832404627622032933e+01
2.292995946099463822e+01 9.349704438228707559e+00 2.509280834674958527e+01
3.084046596737258739e+01 9.417763612554995944e+00 3.916837181937866319e+01
2.747415993823038605e+01 2.854182563705968079e+01 4.134269899547372518e+01
6.711622997330448648e+00 3.557661749036077481e+01 3.606626927846666320e+01
1.022864883624355237e+01 3.155297373883306733e+01 3.679013503954617192e+01
3.100457688387806598e+01 1.466145382198657643e+01 3.171092984009182913e+01
2.217422085134926846e+01 4.197026459045477509e+01 3.910799270582512577e+01
7.604736868554012652e+00 3.675805957723090955e+01 3.913902715148812206e+01
4.727006776419095502e+01 2.788558253726297664e+01 4.049249758554233125e+01
2.131339764484925681e+01 2.778081866045612358e+01 3.703424752209564019e+01
2.034782885120599616e+01 5.064205040518496048e+01 2.897731729296411274e+01
2.839250641759261384e+01 3.761491438281978361e+01 2.975141343423679530e+01
3.448517482953183588e+01 1.734476009128518825e+01 4.156301222022002406e+01
2.396046168114488140e+01 1.963165858090712845e+01 4.192078697903819773e+01
4.462473483230331794e+01 1.127331481521033041e+01 3.958506971519044981e+01
1.665139137480003484e+01 4.921917518227648713e+01 2.207381560248568064e+01
1.710312664773981339e+01 5.171951194207703395e+01 3.105453661497913487e+01
1.663755074168363635e+01 5.186766138906490653e+01 2.864270630093090730e+01
2.309717480742990148e+01 3.656048343814995150e+01 2.527834594650454036e+01
2.677847506254303056e+01 9.523715094574409790e+00 4.178363316012884354e+01
3.548132649608680111e+01 3.590074722580680344e+01 3.582781132106015320e+01
1.191699470788730153e+01 3.567500944527701279e+01 2.185057969915119713e+01
5.017739241420517970e+01 9.478427937479771970e+00 4.016910556655277276e+01
8.357360508716784153e+00 3.972290021590580977e+01 3.756329406539340710e+01
5.420621429614148923e+01 2.424872031348554557e+01 3.102319085867100412e+01
4.913151497346921559e+01 1.689161116226673442e+01 4.141845153338972096e+01
3.108518058916767046e+01 3.751358004979323368e+01 3.058218466995987939e+01
4.732017781214761953e+01 3.395329391449031675e+01 2.937507669989918924e+01
4.295598459171657169e+01 3.478708206934904013e+01 3.142638652391842413e+01
2.507092489922499823e+01 3.792323686306422559e+01 3.699764146135071030e+01
3.540774557440968096e+01 2.911792264397048413e+01 2.174673880394266234e+01
3.442158545618440257e+01 1.394815641019333086e+01 2.811769283437492817e+01
2.394404733824582010e+01 1.734056536235170398e+01 2.921575964119501734e+01
4.450292860028084618e+01 1.305259510242517251e+01 2.311018864707004994e+01
1.990606307622485360e+01 4.403239054017038967e+01 2.233161884370281314e+01
4.864752776611973673e+01 1.663404076847169932e+01 4.150142094387795311e+01
2.960160496693221077e+01 3.354955417800930206e+01 3.921267430541392685e+01
2.015232888811045342e+01 2.186507122990387941e+01 3.020892756676825641e+01
1.950922873797480150e+01 4.231412812081484986e+01 2.323136388796461915e+01
2.600160170038847696e+01 3.189837332795061897e+01 2.402157405286985181e+01
1.771333747686255222e+01 5.103858116983381166e+01 2.525179416286161072e+01
2.172894447192418710e+01 4.604620511976312969e+01 4.225140326711296979e+01
3.328777949876736386e+01 3.600161949306489362e+01 3.698681739137224866e+01
5.239667023388135192e+01 1.873720245262893513e+01 3.437036618212191286e+01
1.359563719587102071e+01 4.485180061739747970e+01 3.927819781937787269e+01
1.725959347327735216e+01 5.182954713233607436e+01 2.492370116836353588e+01
1.942208941669994715e+01 3.197036593164646945e+01 3.606078235358290129e+01
8.595213379120329122e+00 3.231956963604142885e+01 3.456603632389146696e+01
1.690375066957646766e+01 3.907899124207301611e+01 2.233474546307837016e+01
1.235111993970923550e+01 3.815111505948106441e+01 2.202949078389552895e+01
4.563098552356029813e+01 3.457612885858424079e+01 3.042290873254641426e+01
1.929421719050329997e+01 5.340621522975389723e+01 2.632863061894671830e+01
4.092685137770479997e+01 1.928730493233737775e+01 2.118125629826307232e+01
2.554468997349738046e+01 3.644332209304933201e+01 2.655435481949707111e+01
5.134121370614145263e+01 1.525110472090811342e+01 4.018006588025804859e+01
5.299569626834764335e+01 2.072348835341729867e+01 2.970689425234940018e+01
2.166557502915367550e+01 2.281573192354120039e+01 2.450021773330134423e+01
3.132769244658785368e+01 2.165327761648913452e+01 4.276110901640871020e+01
5.231823181273371404e+01 1.697535808640980548e+01 2.686990261760167087e+01
2.278965226137745148e+01 4.396103156927549804e+01 3.830213877913917742e+01
2.662503129967861781e+01 2.608256718109102223e+01 4.190833265021588971e+01
2.870183126807811647e+01 2.583180842056434301e+01 2.050723762009134532e+01
5.021139810337214016e+01 2.264610187624127491e+01 2.292543445575982020e+01
4.985490842445741322e+01 2.989889483359122835e+01 3.773865341004508167e+01
2.657905484751300307e+01 3.723330393526267557e+01 3.546764716289951735e+01
9.271251299612160324e+00 4.240959007017064408e+01 3.186287919803433866e+01
3.040634442761874823e+01 1.271011768282077625e+01 2.748701807233013739e+01
2.144987693341446899e+01 4.952715989976489652e+01 3.415691751087597794e+01
2.693216354237946675e+01 2.591337672716057483e+01 2.091584310297465521e+01
3.862803647250686367e+01 2.698388241548472521e+01 2.117949516998699977e+01
2.666539118420291032e+01 4.188242999416511481e+01 2.779851027362911964e+01
2.653896450074821445e+01 7.923051874877407030e+00 4.054344238000410883e+01
2.107880848898734172e+01 2.978940308589566399e+01 3.599264561580240240e+01
4.046773745378538223e+01 2.707706585576255875e+01 2.133357095113932544e+01
3.448980944846008612e+01 1.348757086676125283e+01 2.969137244471466275e+01
4.374144174889500647e+01 3.067510404561409132e+01 2.348706813231317625e+01
2.105174654324335748e+01 3.436438026055812145e+01 2.551423561979200727e+01
3.230709762750296221e+01 3.697341407236142885e+01 3.551933539225012026e+01
2.753012403001260111e+01 1.528958177561113274e+01 2.962340182198846605e+01
4.448443149349697023e+01 1.069950283276522462e+01 3.549285411448588690e+01
8.701762023433429860e+00 3.233945088775703880e+01 3.559569712570502986e+01
3.082963874678895877e+01 3.736270585229510033e+01 3.426384602902997756e+01
4.146735613834911760e+01 3.439054832517204829e+01 2.836792318697030879e+01
2.328859710651852311e+01 2.798747626473638306e+01 3.936888003003495129e+01
2.659744920918875266e+01 4.403246562145813670e+01 3.029756728544954925e+01
2.072834723232268317e+01 2.757484532271051592e+01 3.635417736329968363e+01
4.131734511429132795e+01 3.224448372995733791e+01 3.800382367860719768e+01
2.422884485586046566e+01 8.034575910623470207e+00 3.923421112178847636e+01
2.001875770991278358e+01 4.486160492338442651e+01 2.034323181066198671e+01
4.824818850278749238e+01 7.642976301077569978e+00 3.930960220742101541e+01
3.995713218914617215e+01 2.215283343243021008e+01 2.085529362181411628e+01
3.028334430441599068e+01 1.490858955518525875e+01 2.130940485372371995e+01
5.151978548743083763e+01 2.262343349523981573e+01 3.866608445938233274e+01
2.500486335754552414e+01 2.689311617561894252e+01 4.106651832001582392e+01
2.750451710794543203e+01 1.053270360096809100e+01 3.418100189385481968e+01
2.336171637392660472e+01 1.143716451259234113e+01 2.739485265907890721e+01
4.496385243631806361e+01 1.063587559993396781e+01 2.341988226978274312e+01
8.126054925341767543e+00 3.265793652613341891e+01 3.299629022058658023e+01
1.862787280566163872e+01 4.999501714295723787e+01 2.155177181783578533e+01
5.227905892190965176e+01 1.265876954793876408e+01 2.458183903778177992e+01
3.408845688240487704e+01 1.809247552212949017e+01 2.114732711494882622e+01
